0 0.525396 0.628543 0.085029 0.146486
0 0.687690 0.604239 0.108975 0.145783
0 0.074136 0.581918 0.031475 0.085974
0 0.035283 0.556603 0.024355 0.064773
0 0.172930 0.573082 0.032598 0.080073
0 0.099102 0.565432 0.033379 0.070659
0 0.235762 0.565439 0.029453 0.063587
0 0.266196 0.608411 0.057334 0.120102
0 0.293882 0.561318 0.031025 0.065944
0 0.321377 0.553360 0.010605 0.067716
0 0.342583 0.562489 0.035732 0.077716
0 0.416450 0.581625 0.031553 0.092094
0 0.392227 0.606354 0.064824 0.106354
0 0.509419 0.585578 0.086904 0.108463
