0 0.202388 0.431066 0.030771 0.107328
0 0.235332 0.499314 0.035586 0.128672
0 0.272231 0.505088 0.064971 0.167839
0 0.351987 0.502745 0.058291 0.163095
0 0.462856 0.417372 0.031123 0.075942
0 0.489834 0.427088 0.022051 0.073007
0 0.530205 0.501861 0.044512 0.157796
0 0.571763 0.473307 0.034658 0.136015
0 0.639106 0.407985 0.037021 0.110161
0 0.691890 0.490679 0.067744 0.164861
0 0.742300 0.402358 0.025205 0.093036
0 0.597754 0.412956 0.026777 0.096569
0 0.036235 0.399547 0.024814 0.070861
0 0.129106 0.447423 0.035107 0.094380
