0 0.124307 0.616419 0.036406 0.090515
0 0.177979 0.584066 0.036230 0.083809
0 0.260190 0.642868 0.096084 0.105176
0 0.296597 0.612750 0.030479 0.095294
0 0.430913 0.593162 0.071377 0.084265
0 0.352046 0.591875 0.051650 0.087338
0 0.496709 0.603831 0.101387 0.113779
0 0.549194 0.635221 0.128896 0.128118
0 0.601050 0.578169 0.082334 0.084132
0 0.671426 0.552676 0.026660 0.079676
0 0.721689 0.564787 0.042969 0.093074
0 0.777036 0.591713 0.065615 0.106132
0 0.837676 0.567331 0.053965 0.101985
0 0.891606 0.558794 0.015029 0.065971
