0 0.134751 0.398190 0.014346 0.111250
0 0.010664 0.416094 0.021328 0.131094
0 0.021992 0.416055 0.025801 0.113255
0 0.054697 0.403203 0.022676 0.101224
0 0.105679 0.410273 0.041533 0.116276
0 0.170996 0.415059 0.033984 0.134909
0 0.218760 0.418079 0.052480 0.150013
0 0.250962 0.414857 0.026807 0.115286
0 0.283237 0.412839 0.037002 0.147500
0 0.334707 0.424017 0.065781 0.173971
0 0.370591 0.425104 0.038604 0.145703
0 0.405386 0.415176 0.019033 0.139909
0 0.446162 0.427865 0.052734 0.173984
0 0.511396 0.447435 0.072305 0.202969
0 0.549727 0.440547 0.038047 0.167448
0 0.607031 0.422285 0.043711 0.159180
0 0.661704 0.442461 0.063936 0.192240
0 0.707368 0.433770 0.057412 0.171367
0 0.788262 0.455078 0.106992 0.241823
0 0.820234 0.447682 0.040449 0.207891
0 0.859053 0.430723 0.050234 0.186159
0 0.936538 0.472474 0.126924 0.271406
