0 0.931411 0.610432 0.045596 0.188770
0 0.028926 0.576881 0.045176 0.149253
0 0.071592 0.625168 0.075293 0.205710
0 0.131616 0.583748 0.024678 0.146706
0 0.191016 0.633946 0.087422 0.229531
0 0.246860 0.600081 0.033467 0.170586
0 0.275723 0.601340 0.021758 0.112899
0 0.307515 0.611369 0.038486 0.185637
0 0.349556 0.645556 0.084912 0.226398
0 0.410625 0.597577 0.049785 0.168067
0 0.504116 0.703250 0.088682 0.274056
0 0.582964 0.637401 0.074873 0.212606
0 0.686704 0.695081 0.102490 0.286559
0 0.790654 0.603214 0.075293 0.193163
0 0.821821 0.583785 0.030537 0.155534
0 0.880171 0.632694 0.073623 0.227028
0 0.985264 0.625483 0.029473 0.210088
