0 0.521934 0.691765 0.011406 0.054471
0 0.547671 0.667471 0.021826 0.056912
0 0.536104 0.649074 0.013027 0.058382
0 0.571621 0.652515 0.010430 0.052500
0 0.584604 0.663272 0.013369 0.048309
0 0.605747 0.617537 0.015303 0.048309
0 0.625308 0.653037 0.025752 0.059279
0 0.656050 0.618632 0.016279 0.047559
0 0.671719 0.599603 0.016523 0.048294
0 0.695776 0.613875 0.018955 0.051956
0 0.719102 0.577324 0.015449 0.050500
0 0.755698 0.606971 0.017490 0.055324
0 0.805122 0.583103 0.017490 0.050059
0 0.832939 0.584941 0.017852 0.050588
0 0.502705 0.654713 0.019219 0.033368
0 0.470288 0.687346 0.013037 0.056426
0 0.453345 0.702801 0.019541 0.064779
0 0.431514 0.698140 0.017598 0.059368
0 0.414082 0.680963 0.011406 0.056426
0 0.397139 0.702309 0.018574 0.063794
0 0.366514 0.704765 0.024434 0.058882
0 0.348428 0.693235 0.011074 0.054471
0 0.521279 0.607610 0.017930 0.054956
0 0.116265 0.710176 0.018857 0.066441
0 0.150210 0.712162 0.020361 0.060765
0 0.184619 0.708022 0.025449 0.062221
0 0.330181 0.702316 0.024111 0.065750
0 0.299233 0.704029 0.022158 0.062324
0 0.204790 0.703500 0.008486 0.052529
0 0.271538 0.705993 0.014990 0.058397
0 0.256851 0.701309 0.017549 0.061794
0 0.237651 0.708441 0.020850 0.066235
0 0.216958 0.707949 0.008799 0.062309
