0 0.419224 0.297789 0.057119 0.090717
0 0.479272 0.837401 0.220459 0.172284
0 0.554316 0.740710 0.150098 0.109004
0 0.628779 0.675659 0.127812 0.084378
0 0.669824 0.582474 0.118437 0.087906
0 0.724351 0.554348 0.112568 0.056252
0 0.752573 0.535300 0.098955 0.048755
0 0.786191 0.472474 0.094219 0.058917
0 0.824302 0.427518 0.083330 0.055124
0 0.854214 0.395102 0.079072 0.047570
0 0.956079 0.367401 0.049092 0.040893
0 0.929902 0.347372 0.066543 0.030264
0 0.080439 0.381808 0.065977 0.144846
0 0.135571 0.395227 0.079170 0.163221
0 0.192129 0.368031 0.056562 0.134246
0 0.232773 0.345600 0.088691 0.109912
0 0.280386 0.329905 0.077236 0.113836
0 0.328169 0.331376 0.075264 0.104012
0 0.372349 0.319129 0.087705 0.101127
0 0.450327 0.290154 0.077471 0.082240
0 0.480581 0.270659 0.059951 0.053411
