0 0.814448 0.695430 0.073662 0.199245
0 0.028740 0.674941 0.057480 0.200664
0 0.089277 0.667533 0.040273 0.201393
0 0.149951 0.671055 0.074707 0.208437
0 0.215923 0.674935 0.054053 0.193594
0 0.262290 0.675293 0.070479 0.198529
0 0.331440 0.672109 0.049814 0.199245
0 0.385229 0.675645 0.070479 0.207721
0 0.451733 0.673171 0.042393 0.197122
0 0.500483 0.669642 0.074189 0.218320
0 0.566719 0.676354 0.064648 0.195000
0 0.621299 0.690482 0.077363 0.192188
0 0.715620 0.693659 0.072061 0.194297
0 0.918042 0.704258 0.071006 0.199948
