0 0.718506 0.515066 0.021543 0.091747
0 0.427793 0.566755 0.011699 0.057239
0 0.434995 0.597423 0.058193 0.095668
0 0.279595 0.515646 0.061182 0.088326
0 0.073252 0.445859 0.054766 0.090631
0 0.572485 0.448833 0.015342 0.005389
0 0.592388 0.500103 0.058408 0.058884
0 0.598096 0.548186 0.063301 0.070646
0 0.630728 0.502313 0.033936 0.090764
0 0.638232 0.530279 0.034590 0.082907
0 0.684893 0.555059 0.082227 0.094200
0 0.727314 0.567562 0.035898 0.093715
0 0.764839 0.613443 0.089404 0.109912
0 0.798281 0.593576 0.032305 0.102540
0 0.876758 0.620808 0.115508 0.102056
0 0.930767 0.597254 0.089736 0.116769
0 0.972153 0.473363 0.055693 0.096652
