0 0.737944 0.820534 0.116748 0.294036
0 0.517803 0.953763 0.056465 0.092474
0 0.187783 0.788483 0.164062 0.278763
0 0.107280 0.703535 0.080889 0.200430
0 0.031514 0.899837 0.063027 0.200326
0 0.750430 0.660430 0.108633 0.161328
0 0.597876 0.649538 0.053467 0.179570
0 0.362715 0.624518 0.052109 0.144844
0 0.291841 0.573288 0.037529 0.116576
0 0.491177 0.580710 0.026709 0.119544
0 0.531807 0.546387 0.015547 0.066159
0 0.395137 0.555156 0.037539 0.083906
0 0.558374 0.555104 0.015088 0.092240
0 0.641172 0.544310 0.044531 0.077526
