0 0.309526 0.423416 0.069932 0.151994
0 0.552090 0.666056 0.491777 0.667889
0 0.023848 0.386488 0.047695 0.178255
0 0.161538 0.540931 0.147998 0.194120
0 0.253423 0.501840 0.100830 0.184296
0 0.473491 0.454795 0.066631 0.122933
0 0.497202 0.402229 0.055342 0.144985
0 0.647676 0.523387 0.326914 0.365249
0 0.809233 0.479714 0.153193 0.205117
0 0.923887 0.625491 0.152227 0.171422
0 0.935444 0.481957 0.129111 0.155440
0 0.941470 0.391870 0.053643 0.082654
0 0.869946 0.357955 0.039521 0.060044
0 0.725581 0.363409 0.045400 0.087493
