0 0.881362 0.342227 0.108291 0.301146
0 0.819995 0.370417 0.086631 0.225521
0 0.563677 0.614635 0.128936 0.166693
0 0.503354 0.610651 0.109951 0.174375
0 0.398037 0.607565 0.096055 0.174375
0 0.331489 0.616081 0.085654 0.160547
0 0.136230 0.714043 0.272461 0.242279
0 0.126396 0.748763 0.252793 0.262344
0 0.110190 0.787337 0.220381 0.296289
0 0.862271 0.696914 0.117666 0.249479
0 0.920410 0.715905 0.159180 0.305586
0 0.958013 0.825723 0.083975 0.233008
0 0.987017 0.882546 0.025967 0.209128
0 0.962598 0.327786 0.074805 0.360286
0 0.927773 0.311289 0.118613 0.376797
0 0.840107 0.361484 0.102109 0.246146
0 0.622563 0.615007 0.141768 0.165951
0 0.679487 0.615384 0.141768 0.168190
0 0.835752 0.663477 0.116699 0.234036
